{
  "nbformat": 4,
  "nbformat_minor": 0,
  "metadata": {
    "colab": {
      "name": "Matrix Algebra",
      "provenance": [],
      "collapsed_sections": [],
      "authorship_tag": "ABX9TyO9x1u1jzWVY41895/MR93g",
      "include_colab_link": true
    },
    "kernelspec": {
      "name": "python3",
      "display_name": "Python 3"
    },
    "language_info": {
      "name": "python"
    }
  },
  "cells": [
    {
      "cell_type": "markdown",
      "metadata": {
        "id": "view-in-github",
        "colab_type": "text"
      },
      "source": [
        "<a href=\"https://colab.research.google.com/github/Satnam-12/Linear-Algebra-58019/blob/main/Matrix_Algebra.ipynb\" target=\"_parent\"><img src=\"https://colab.research.google.com/assets/colab-badge.svg\" alt=\"Open In Colab\"/></a>"
      ]
    },
    {
      "cell_type": "markdown",
      "metadata": {
        "id": "Cvyd5SrwzkSF"
      },
      "source": [
        "\n",
        "##Phyton program to inverse"
      ]
    },
    {
      "cell_type": "code",
      "metadata": {
        "colab": {
          "base_uri": "https://localhost:8080/"
        },
        "id": "6LQyMICm3Igd",
        "outputId": "b6003d6b-d3c0-4a72-b5fd-972e03b69b9a"
      },
      "source": [
        "import numpy as np\n",
        "A = np.array([[1,2,],[4,7]])\n",
        "B = (np.linalg.inv(A))\n",
        "print(B)"
      ],
      "execution_count": 7,
      "outputs": [
        {
          "output_type": "stream",
          "name": "stdout",
          "text": [
            "[[-7.  2.]\n",
            " [ 4. -1.]]\n"
          ]
        }
      ]
    },
    {
      "cell_type": "code",
      "metadata": {
        "colab": {
          "base_uri": "https://localhost:8080/"
        },
        "id": "FVk-riGs3e1k",
        "outputId": "f3d21826-d57d-4c36-afca-708bd46d8ea5"
      },
      "source": [
        "import numpy as np\n",
        "A = np.array([[1,2,],[4,7]])\n",
        "invA= (np.linalg.inv(A))\n",
        "print(invA)"
      ],
      "execution_count": 9,
      "outputs": [
        {
          "output_type": "stream",
          "name": "stdout",
          "text": [
            "[[-7.  2.]\n",
            " [ 4. -1.]]\n"
          ]
        }
      ]
    },
    {
      "cell_type": "code",
      "metadata": {
        "colab": {
          "base_uri": "https://localhost:8080/"
        },
        "id": "XZzBO5UH3rIM",
        "outputId": "05cdb93b-429f-481e-ca58-44bcf2f6acc2"
      },
      "source": [
        "C = np.dot(A,invA)\n",
        "print(C)"
      ],
      "execution_count": 10,
      "outputs": [
        {
          "output_type": "stream",
          "name": "stdout",
          "text": [
            "[[1. 0.]\n",
            " [0. 1.]]\n"
          ]
        }
      ]
    },
    {
      "cell_type": "markdown",
      "metadata": {
        "id": "KflffXyN4lVt"
      },
      "source": [
        "##Phyton Program to transpose 3x3 matrix A=[6,1,1],[4,-2,5],[2,8,7]"
      ]
    },
    {
      "cell_type": "code",
      "metadata": {
        "colab": {
          "base_uri": "https://localhost:8080/"
        },
        "id": "ulfTSp2q4vhN",
        "outputId": "2f66079f-0940-4a40-c97c-840dffecbf5c"
      },
      "source": [
        "import numpy as np\n",
        "A = np.array([[6,1,1],[4,-2,5],[2,8,7]])\n",
        "print(A)\n",
        "print()\n",
        "B = (np.transpose(A))\n",
        "print(B)"
      ],
      "execution_count": 18,
      "outputs": [
        {
          "output_type": "stream",
          "name": "stdout",
          "text": [
            "[[ 6  1  1]\n",
            " [ 4 -2  5]\n",
            " [ 2  8  7]]\n",
            "\n",
            "[[ 6  4  2]\n",
            " [ 1 -2  8]\n",
            " [ 1  5  7]]\n"
          ]
        }
      ]
    },
    {
      "cell_type": "code",
      "metadata": {
        "colab": {
          "base_uri": "https://localhost:8080/"
        },
        "id": "D87Oi1p964Ee",
        "outputId": "e889cc8b-4235-43c3-e0d1-2654567c9f7b"
      },
      "source": [
        "import numpy as np\n",
        "A = np.array([[6,1,1],[4,-2,5],[2,8,7]])\n",
        "B = (np.linalg.inv(A))\n",
        "print(B)"
      ],
      "execution_count": 19,
      "outputs": [
        {
          "output_type": "stream",
          "name": "stdout",
          "text": [
            "[[ 0.17647059 -0.00326797 -0.02287582]\n",
            " [ 0.05882353 -0.13071895  0.08496732]\n",
            " [-0.11764706  0.1503268   0.05228758]]\n"
          ]
        }
      ]
    },
    {
      "cell_type": "markdown",
      "metadata": {
        "id": "GiYcA7Ji7_bv"
      },
      "source": [
        "##Product Code Product of A and B"
      ]
    },
    {
      "cell_type": "code",
      "metadata": {
        "colab": {
          "base_uri": "https://localhost:8080/"
        },
        "id": "XlqLD0NU7_su",
        "outputId": "dd1f3fc3-593f-4298-be24-4e8dcaec834f"
      },
      "source": [
        "ProductAB = np.dot(A,B)\n",
        "print(ProductAB)"
      ],
      "execution_count": 20,
      "outputs": [
        {
          "output_type": "stream",
          "name": "stdout",
          "text": [
            "[[ 1.00000000e+00  0.00000000e+00  2.77555756e-17]\n",
            " [-1.38777878e-17  1.00000000e+00  1.38777878e-17]\n",
            " [-4.16333634e-17  1.38777878e-16  1.00000000e+00]]\n"
          ]
        }
      ]
    }
  ]
}